PREDICTING MOVIE RATINGS FROM AUDIENCE BEHAVIOURS ON MOVIE TRAILERS


MLPClassifier-adam_4		 : 24.69047619047619		 : 1126.6746031746031		 : 33.56597388985762

KNeighborsClassifier_4		 : 26.23015873015873		 : 1117.8492063492063		 : 33.434251993265924

SVC(gamma=2, C=1)_4		 : 22.682539682539684		 : 968.7619047619048		 : 31.12494023708166

LinearDiscriminant_4		 : 21.928571428571427		 : 836.1349206349206		 : 28.915997659339382

LinearRegression_4		 : 17.57978641810598		 : 523.1952202885093		 : 22.873461047434628

MLPClassifier-adam_5		 : 26.58730158730159		 : 1265.968253968254		 : 35.580447635861105

KNeighborsClassifier_5		 : 26.03968253968254		 : 1042.9920634920634		 : 32.295387650438

SVC(gamma=2, C=1)_5		 : 22.984126984126984		 : 981.7301587301587		 : 31.332573445699584

LinearDiscriminant_5		 : 22.38095238095238		 : 871.3015873015873		 : 29.517818132470214

LinearRegression_5		 : 17.34330183574199		 : 510.39184394045793		 : 22.591853486167484

MLPClassifier-adam_10		 : 24.142857142857142		 : 1075.6666666666667		 : 32.79735761714146

KNeighborsClassifier_10		 : 27.428571428571427		 : 1134.111111111111		 : 33.676566201308454

SVC(gamma=2, C=1)_10		 : 23.404761904761905		 : 1003.531746031746		 : 31.678569191675088

LinearDiscriminant_10		 : 20.150793650793652		 : 790.0396825396825		 : 28.107644556947182

LinearRegression_10		 : 18.90734188941438		 : 575.3147440529397		 : 23.985719585889843

Optimized_model_4		 : 17.579786418105986		 : 523.1952202885093		 : 22.873461047434628

Optimized_model_5		 : 17.343301835741997		 : 510.39184394045816		 : 22.59185348616749

Optimized_model_10		 : 18.907341889414383		 : 575.3147440529397		 : 23.985719585889843

