PREDICTING MOVIE RATINGS FROM AUDIENCE BEHAVIOURS ON MOVIE TRAILERS


MLPClassifier-adam_4		 : 27.22222222222222		 : 1368.063492063492		 : 36.987342322252516

KNeighborsClassifier_4		 : 36.45238095238095		 : 1972.420634920635		 : 44.41194248083093

SVC(gamma=2, C=1)_4		 : 25.142857142857142		 : 1172.2539682539682		 : 34.23819458227855

LinearDiscriminant_4		 : 27.11111111111111		 : 1164.126984126984		 : 34.11930515305058

LinearRegression_4		 : 23.989645426125424		 : 724.9970146632137		 : 26.92576859930304

MLPClassifier-adam_5		 : 27.349206349206348		 : 1375.4285714285713		 : 37.08677084121198

KNeighborsClassifier_5		 : 35.51587301587302		 : 1879.3412698412699		 : 43.351369872718784

SVC(gamma=2, C=1)_5		 : 25.142857142857142		 : 1172.2539682539682		 : 34.23819458227855

LinearDiscriminant_5		 : 27.6984126984127		 : 1192.3650793650793		 : 34.53063971844541

LinearRegression_5		 : 23.755645789962674		 : 700.6033982613118		 : 26.468913809624144

MLPClassifier-adam_10		 : 28.07936507936508		 : 1424.3968253968253		 : 37.74118208796361

KNeighborsClassifier_10		 : 37.03968253968254		 : 2001.2777777777778		 : 44.73564325879061

SVC(gamma=2, C=1)_10		 : 25.142857142857142		 : 1172.2539682539682		 : 34.23819458227855

LinearDiscriminant_10		 : 27.261904761904763		 : 1125.357142857143		 : 33.54634321140149

LinearRegression_10		 : 25.73975188139901		 : 838.336432000315		 : 28.95403999445181

